grid = {}
grid['size'] = [6,6]
grid['start'] = [0,0]
grid['end'] = [6,6]
grid['left'] = [[2, 5], [0,0], [0,1], [0,2], [0,3], [0,4], [0,5], [0,6], [3,1], [3,2], [3,4], [3,5], [4,1], [4,2], [4,4], [4,5]]
grid['right'] = [[1,5], [6,0], [6,1], [6,2], [6,3], [6,4], [6,5], [6,6], [2,1], [2,2], [2,4], [2,5], [3,1], [3,2], [3,4], [3,5]]
grid['up'] = [[0,0], [1,0], [2,0], [3,0], [4, 0], [5,0], [6,0], [1,3], [2,3], [4,3], [5,3], [1,4], [2,4], [4,4], [5,4]]
grid['down'] = [[0,6], [1,6], [2,6], [3,6], [4,6], [5,6], [6,6], [1,2], [2,2], [4,2], [5,2], [1,3], [2,3], [4,3], [5,3]]
grid['obs'] = [[6,3]]
grid['key'] = [[3,0]]
door = {}
door[1,5] = "right"
door[2,5] = "left"
grid['door'] = door
grid['upri'] = [[0,0], [1,0], [2,0], [3,0], [4,0], [5,0], [6,0], [6,1], [6,2], [6,3], [6,4], [6,5], [6,6], [2,2], [3,2], [1,3], [3,3], [4,3], [1,4], [2,4], [4,4], [2,5], [3,5]]
grid['dori'] = [[0,6], [1,6], [2,6], [3,6], [4,6], [5,6], [6,6], [6,0], [6,1], [6,2], [6,3], [6,4], [6,5], [2,1], [3,1], [1,2], [2,2], [4,2], [1,3], [3,3], [4,3], [2,4], [3,4]]
grid['dole'] = [[0,0], [0,1], [0,2], [0,3], [0,4], [0,5], [0,6], [1,6], [2,6], [3,6], [4,6], [5,6], [6,6], [3,1], [4,1], [2,2], [4,2], [5,2], [2,3], [3,3], [5,3], [3,4], [4,4]]
grid['uple'] = [[0,0], [1,0], [2,0], [3,0], [4,0], [5,0], [6,0], [0,1], [0,2], [0,3], [0,4], [0,5], [0,6], [3,2], [4,2], [2,3], [3,3], [5,3], [2,4], [4,4], [5,4], [3,5], [4,5]]

pickle.dump(grid, open("grids/gridworld2.p", "wb"))